48 
25000 24208 
24308 23240 
26032 27284 
23192 23232 
23720 24000 
27224 24754 
25240 25264 
24728 26160 
25384 17142 
29292 24310 
23752 24496 
25768 25392 
24247 25256 
23704 25512 
25328 16920 
33048 24310 
25760 28788 
24752 32248 
38296 19960 
23704 24008 
24128 24744 
23704 23240 
23992 23208 
29292 25752 
28216 22168 
23992 23704 
23756 24432 
27224 24128 
23704 35840 
15128 27752 
24128 18568 
36104 12888 
35816 16183 
25752 28276 
17128 36588 
13096 36088 
23125136 
32248 16168 
38328 12088 
32248 21704 
23192 32248 
11096 38344 
15128 32248 
25512 20096 
33816 11144 
35840 13239 
24728 28776 
18160 33800 
14104 37344 
20104 25192 
28278 18167 
36096 11096 
31288 22168 
22168 28464 
14120 39352 
14160 33816 
24304 20182 
33064 13096 
33824 16120 
25504 23760 
17696 35320 
8183 39884 
17928 31316 
26144 20183 
32248 15252 
33840 19160 
23192 28248 
16544 38296 
12088 34220 
22168 21300 
32304 14104 
38296 11096 
29296 21224 
19960 33056 
12088 38540 
15680 32264 
28216 18560 
36832 12904 
34808 15896 
23192 29032 
15656 37088 
14104 36848 
23704 23744 
30290 16120 
36096 15672 
31296 24200 
20183 29768 
16120 36524 
16120 29024 
27264 19160 
35840 12598 
34295 16904 
24306 30232 
15176 36232 
11096 37488 
20968 23240 
32248 15144 
39320 12088 
30248 20968 
19160 32264 
12088 38348 
15128 30248 
30232 18390 
36104 12584 
35852 15128 
23720 28272 
15128 38336 
12328 36311 
20183 23192 
32248 15160 
38336 11096 
31272 22224 
20088 33824 
14104 35288 
16244 30264 
25760 19216 
31256 12904 
32496 16120 
25768 27240 
15640 36296 
12088 37088 
22168 24136 
30272 15680 
36824 10552 
29298 19160 
19200 31316 
12872 36088 
16136 27344 
30248 26512 
28760 18632 
33184 17268 
23240 29544 
17064 32296 
15896 36311 
22168 24008 
32288 16375 
37608 10103 
32280 22168 
20183 32792 
12088 38312 
15128 33192 
27224 19208 
36096 12088 
38312 14104 
25768 28216 
15640 36112 
9079 37608 
16536 29024 
29298 16920 
38296 11096 
33048 17128 
23192 30232 
13175 37352 
12088 33842 
23736 21164 
33064 15128 
37848 16624 
28216 23224 
19176 30536 
16368 35848 
14167 30288 
30232 19160 
32792 15128 
35320 16120 
23720 27276 
17128 34080 
13108 30480 
24368 22184 
32800 14359 
37336 12856 
29536 20952 
20456 32264 
16616 37228 
16904 29420 
29272 19160 
35328 12343 
35288 14160 
23240 30292 
14152 36088 
12088 35348 
22168 22200 
33064 14528 
39336 10103 
28276 23232 
19176 33312 
12088 38296 
16120 29024 
28216 19208 
35320 11096 
33836 16120 
23736 29288 
15128 35288 
12088 36304 
21224 24308 
30232 15128 
37360 11152 
31272 21296 
20168 30476 
13238 36088 
16247 29288 
28400 18696 
35304 15252 
27240 19976 
24728 28216 
19960 37104 
14104 33064 
22168 24616 
29784 17704 
33568 15188 
29016 21168 
25328 29024 
16247 28776 
23752 30280 
25776 24432 
32296 14104 
33064 14152 
22408 27752 
15184 36592 
12904 37224 
22168 24246 
32304 19160 
35832 12148 
30280 19976 
18152 32496 
12872 39360 
15128 32300 
27224 19928 
34216 12872 
35816 12856 
25736 28340 
16247 35288 
9048 36524 
16136 32248 
30232 19160 
36096 12088 
33816 17048 
24208 30232 
14344 35288 
16120 34220 
23192 23192 
31256 15188 
35304 12592 
28264 24136 
19688 33192 
12088 36308 
18160 30264 
30292 19712 
34288 10472 
34295 16120 
25388 29280 
16247 35320 
13096 35328 
24488 26744 
30264 16247 
35320 14104 
31256 23192 
20168 33320 
10576 40272 
15640 32248 
27224 20696 
36310 12144 
34295 17672 
23192 28776 
16120 37224 
11096 36112 
22168 24008 
32248 16120 
38336 12088 
30232 22168 
20168 32304 
10100 39320 
15128 30232 
28216 17207 
36236 10576 
35320 19688 
24744 25128 
17056 34080 
23232 31296 
23192 25760 
30232 19944 
34208 19160 
30264 25136 
17688 26231 
16136 33836 
15640 32248 
27224 19960 
32792 12088 
33816 17140 
25000 26231 
16904 32248 
16888 33832 
20168 23704 
31256 16920 
28768 14104 
28216 20183 
22184 29544 
13080 38312 
15640 31768 
26144 19176 
36832 10504 
36840 12912 
24136 28268 
18164 32248 
10552 32248 
21232 24736 
28216 18700 
32304 12215 
31256 20104 
21416 30540 
12343 38296 
16888 32818 
24984 18080 
33056 13111 
38296 14104 
27224 27224 
17120 34295 
13080 38296 
18568 24311 
30232 15640 
38296 12151 
32248 22168 
23752 32264 
15128 38312 
14231 32280 
26231 20696 
35336 12088 
35320 13016 
28216 25736 
15896 35816 
10103 38348 
19968 25760 
32248 17064 
38824 12215 
31288 19688 
29024 31272 
21080 34295 
20936 24012 
25256 25192 
25768 20952 
32248 18384 
26224 24311 
20704 30356 
17192 33816 
19160 27736 
28216 17656 
36112 9334 
33312 16368 
24247 27256 
15160 37832 
9848 36112 
16368 27224 
30288 17960 
35816 13032 
32368 18391 
23704 31314 
16120 38296 
13000 35320 
26008 20104 
31256 12663 
35320 14104 
