25274 22427
23965 22379
24520 23328
24244 24408
24360 22800
25723 24722
23128 23067
22904 24488
24904 23816
23880 23914
24757 23760
25520 23360
25768 23640
24920 24097
24305 24520
24323 25114
23424 25088
24920 25160
24344 23992
24048 24088
24016 24305
23017 23914
24197 24857
23489 24664
24649 24664
23969 22938
24665 24008
24376 23464
25936 24442
24296 24664
24220 24928
24992 24680
23184 25240
25592 25624
26497 25720
24888 25865
25330 26808
26624 25576
25480 25928
25192 26272
24832 25720
25644 25788
27112 25017
26199 12151
20183 12214
20400 12336
20176 12328
20968 12504
21088 12088
20183 12584
20968 13016
21096 12872
20968 12343
21224 14104
21228 12336
21224 12584
21360 12343
21416 12888
21416 13032
21704 12336
21704 12144
21704 13000
22168 12104
22168 13352
22224 13236
22168 12520
22168 14104
22168 12888
22216 12343
22228 13360
22184 13108
23192 12904
23192 13000
22420 14104
23192 14104
23192 13104
23192 13352
23192 13111
23224 14104
23224 14104
23192 14104
23224 14104
23704 14104
23232 14104
23208 14104
23704 14104
23250 14104
23744 14104
24008 13175
23720 14104
23760 14164
24000 14352
23760 14152
24204 14104
24208 15128
24136 14104
24246 15128
24608 14104
24128 14152
24368 14104
24744 14104
24368 14104
24756 15128
24432 15128
24616 14104
24744 15128
25120 15128
25128 14352
25000 15128
25120 14167
25268 14352
25000 15128
25192 15128
25128 15128
25760 15176
25392 15128
25760 15128
25388 15128
25760 15128
25512 15640
25780 15144
26016 15144
26152 15128
26152 15144
26228 15160
26152 15128
26228 16120
26231 15184
27224 15640
27224 15672
26760 16120
26760 16120
27240 15672
27224 15656
26231 15672
27224 16120
27240 15640
27264 16120
27224 16120
27276 16120
27344 16247
27736 15672
27282 16536
28216 16152
28216 16374
28216 16176
28216 16374
28216 16616
28216 16375
28256 16536
28216 16120
28216 17128
28256 17048
28232 16616
28272 16680
28232 16375
28776 17268
28768 16624
28268 16616
28464 16904
28744 17712
28768 16920
28784 17128
28768 17192
28776 17672
28784 17656
29024 17270
29164 17944
29040 18160
29296 18160
29288 17944
29160 18167
29160 18160
29424 18632
29288 17944
29784 18072
29784 18152
29296 17944
29536 19160
29792 18560
30232 18072
30232 18160
30232 18167
30288 19160
30232 19160
30248 18166
30248 19176
30232 18568
30272 19192
30280 19208
30272 19176
30288 19160
30476 19704
30292 19192
31256 19688
30354 20104
31256 20176
31256 20104
31256 19208
31256 20183
31288 19688
31256 19960
31256 20183
30776 19704
31288 19720
31288 19976
31256 20696
31272 19976
31272 20168
31312 20952
31304 20168
31304 20088
31296 20176
32248 20952
31784 20968
31296 21224
31768 20696
32248 21360
32248 21096
32248 21224
32248 20584
32248 21224
32248 22168
32248 21356
32248 20712
32248 22168
32248 21232
32264 22168
32264 22168
32248 22168
32300 22168
32280 22168
32264 22208
32492 22168
32280 23704
32304 22168
32556 23192
32800 22224
32308 23192
32792 22200
32560 23192
32311 22216
32304 23208
32792 23192
32808 22168
33048 23192
33320 23244
33064 22231
33056 22295
33064 23232
33064 23192
33192 23752
33192 23224
33452 23248
33576 23192
33196 23224
33576 24008
33320 23248
33824 23720
33800 23752
33832 23704
33328 24000
33832 24000
33312 23992
33836 23704
33816 24136
33800 23752
34072 23752
33832 25000
34208 24240
34096 24736
33576 24992
34080 25000
34072 24728
34080 25240
34295 24736
34295 25752
34572 25264
34280 24992
34295 25392
34808 25760
34572 25392
34295 25752
34295 26016
35288 25512
35288 25768
34572 26220
35288 25736
35288 26024
35320 26024
35288 26028
35336 26008
35288 25776
35304 25776
35328 26744
35304 27224
35304 26224
35288 26152
35328 26228
35832 26231
35800 27240
35340 26008
35832 27276
35848 27256
35344 27224
35800 27224
35848 27264
35832 28216
35856 27224
35852 27224
35800 28216
36088 27272
35852 27264
36112 28216
36300 27272
36088 28216
36224 27272
36306 28216
36240 28216
36240 28256
36311 28248
36306 28232
36232 28248
36588 28216
36104 28216
36240 27272
36848 28776
36240 28768
36832 28216
36840 29024
36832 29016
36528 28760
36584 28744
37100 28276
36824 28456
36844 28460
37216 29280
37224 29016
37100 29280
37100 28776
37344 29280
37356 29024
37356 28776
37356 29288
37088 29296
37608 29288
37600 29272
37360 28784
37365 28784
37360 29036
37848 30232
37848 29296
37608 30248
37224 30248
38296 30232
37608 30248
38296 29544
38296 30232
37608 30272
37848 30248
38296 30232
37848 30272
38296 30248
38328 30288
38312 30232
38336 31256
38296 30248
38336 31256
38336 30272
38296 30288
38328 30272
38312 30272
38296 31256
38344 30292
38312 31256
38352 31304
39320 31272
38312 30280
38348 31256
38540 31256
38296 31256
38344 31272
38336 31288
39320 32248
38312 32248
39320 32248
38480 31256
39320 31256
39320 31288
39320 32248
38356 32248
39336 32248
38358 32248
39320 32248
38358 31288
39336 31272
38840 32248
39320 31272
38356 32248
39320 31304
39320 32248
38600 32248
39320 32248
39320 32300
39336 31296
39320 31288
39360 32248
39320 32248
39352 32248
39320 32248
39336 32264
39336 32280
39320 32288
39352 31304
39360 32288
39320 32248
39320 32280
39320 32496
39320 32248
39336 33304
39352 32304
39352 32372
39352 32288
39376 32488
39352 32488
39376 32248
39372 33048
39360 32808
39352 33064
39336 32308
39352 32248
39352 33320
39320 32800
39360 33312
39360 32812
39376 33312
39360 33304
39352 32808
39320 32808
39320 32800
39376 33312
39320 33192
39360 33816
39320 32808
39360 33184
39360 33800
39360 33334
39336 33840
39368 32800
39368 33320
39848 33576
39360 33824
39320 33334
39360 33824
39336 33816
39360 33816
39320 33824
39320 33824
39320 34072
39320 33836
39320 33064
39352 34216
39336 34208
39320 33816
39320 33836
39320 34072
39320 33576
39320 33832
39320 34216
38840 34088
39320 34288
39320 34216
39320 34216
38480 34295
38840 33832
38840 35288
39320 34295
39320 34216
39320 34092
38544 34288
38480 34295
38344 34808
38352 35288
38344 35320
39320 33840
38352 35288
38356 34072
38352 35288
38344 34295
39320 34216
38480 35288
38312 35288
38352 35816
38356 34288
38312 35320
38328 34295
37608 35288
38328 34808
38296 35288
38336 35288
38312 35288
38296 35288
38296 35304
37856 34808
37424 35288
38296 36096
38296 35328
37356 35320
37848 35840
37848 35304
37848 34808
37484 35288
37364 35848
37848 35328
37224 35832
38296 35304
37832 35832
37608 35320
37088 35336
37856 36232
37104 35328
37344 36104
37224 35800
37352 35840
37224 35848
37096 35832
36840 35816
36844 35344
36848 35344
37088 36308
36824 35848
37088 36112
36832 35832
36840 35840
36850 35816
36311 35852
36840 35336
36824 35848
36832 36104
36588 36824
36832 36104
36300 36311
35852 35840
36824 36096
36236 36104
36311 36108
36311 36108
36108 36236
36824 36232
36232 37344
36308 36104
36104 36112
35840 36308
36096 36232
36112 36848
35816 36096
36108 36840
36104 36832
35848 36232
35816 36104
35832 36840
35840 37080
35840 36824
35800 36304
35832 36304
35832 36840
35832 36832
35336 36236
35408 36840
35344 37088
35344 36308
35320 36832
35816 37088
35320 37096
35304 36310
35816 36808
35304 36832
35288 36808
35288 37088
34824 36311
35288 36824
34816 37336
35288 36232
34816 36311
34808 36832
35288 36840
34295 36308
34295 37096
34295 36824
34576 37336
34295 37080
34294 36832
34295 36848
34088 37352
34224 36840
34092 37608
34295 37080
34216 36840
33824 37360
33832 37096
34092 37336
33568 37344
34072 36824
34088 37080
33512 37352
33842 37336
33836 37352
33328 37080
33816 38296
33576 36840
33312 37600
33452 37344
33064 37344
33332 37344
33312 37600
32812 37096
33068 37352
33048 37080
32820 37344
32488 37356
32816 38296
32816 37360
32800 38296
33048 37352
32818 37848
32372 37080
32792 36832
32304 37352
32560 36840
32375 37344
32488 37344
32306 37344
32248 37344
32248 37088
32306 36308
32248 37344
32264 37344
32248 37336
32248 37344
31304 37336
32248 37600
32248 37360
32248 37352
31784 36824
31784 37352
32248 37356
31768 37608
31784 36824
31272 37600
31296 37088
31288 37848
31256 38296
30776 37344
31256 36844
31256 37344
31272 37344
30476 37336
31272 37356
30264 37088
30248 36824
30284 37080
30356 37344
30292 37088
30284 36844
29792 37088
30272 36832
29792 36832
29784 36296
30232 37848
30232 37096
29784 37344
29768 37360
29296 37096
29024 36840
29784 37344
29288 37088
29296 36832
29420 37352
29292 36824
29024 36240
29280 36832
29016 36824
28768 36311
28524 36840
28784 36844
28460 36840
28760 37088
28776 37096
28268 36840
28776 36240
28256 36304
28760 37080
28216 37096
28232 36108
28248 36832
28232 36840
28216 36840
27736 36824
28216 36808
28216 37080
27284 36832
27284 37088
27286 36824
27264 36310
27276 36232
27240 36808
27256 36300
27240 36304
27224 36104
26744 36824
27240 36096
27224 36311
26760 36308
27224 36104
26448 35832
26752 35840
26231 35336
26231 35336
26216 35840
26228 35840
26231 35832
26156 36311
26008 36311
26008 35848
26024 35848
26028 35840
26152 36088
26016 35336
25768 35800
25752 36088
25772 35832
25736 35832
25192 35848
25270 35832
25271 35320
25448 36236
25264 35336
24984 35832
25120 35320
25000 35816
25256 36096
25004 35320
24992 35320
24748 35336
24736 35320
25128 34288
24368 35336
24992 35816
24616 35320
24496 34295
24752 35288
24428 35288
24432 35288
24136 35320
24616 35288
24311 35328
24000 34808
24016 34080
24136 34808
24016 35320
24000 34292
23992 33832
23704 34295
23744 34284
23752 34288
23720 34808
23760 34080
23704 33568
23248 34295
23752 33832
23720 34208
23232 33816
23232 34216
23224 33816
23232 33816
23192 34080
23192 33800
23248 33800
23192 34216
23192 33816
23208 33456
22480 33568
23192 33800
22231 33816
23192 33816
22480 33320
23192 33328
22208 33184
22592 33332
22292 32800
23192 33832
22184 33392
22168 33332
22168 33192
22168 33064
22168 33064
22168 32800
22168 32248
22168 32792
21416 32488
22168 32304
22168 32288
22168 32792
21704 32792
21704 32288
21160 32296
20726 32308
21224 32296
21232 32264
21296 32304
21160 32248
21164 32288
21160 32310
20712 32248
20952 32248
20972 31288
20648 32248
21236 32310
20704 31296
20726 31272
20704 31296
20584 32248
20720 31288
20952 32248
20726 31272
20648 31256
20648 31256
20183 31272
20183 31256
20400 31256
20183 30232
20182 31256
20183 30352
20104 31272
20088 30264
20180 30292
20183 31256
19944 30248
20168 30232
19960 30248
19928 30264
19944 30232
19944 31256
19944 30232
19976 29024
19960 30232
19712 29280
19672 29288
19704 29536
19720 29288
19672 29288
19672 29016
19216 29288
19672 28784
19672 28776
19672 28248
19208 28760
19672 29784
19688 28248
19192 28780
19176 28776
19216 28216
19216 28336
19160 28216
19220 28272
19160 28216
19160 28256
19160 28216
19160 28340
19160 28216
19160 28216
18568 28232
18568 28216
18560 28216
18568 27276
18391 27240
19160 28216
18632 27272
18167 28216
18167 27256
18152 27224
18167 27224
18166 26230
18072 27256
18167 27264
18167 26231
17712 26231
18167 26744
17928 26152
18167 26152
17952 26160
17960 26224
17944 27224
17704 25752
18152 26224
17712 25264
17688 26156
17270 25760
17696 25760
17396 26008
17716 25768
17688 25264
17207 25512
17136 25000
17392 25000
17712 25736
17392 25128
17384 24992
17656 25752
17392 25240
17200 24984
17140 24984
16936 24428
16904 24992
16936 25004
17128 24748
16936 24744
17064 24728
16694 24136
16928 24424
16680 24208
16904 24136
16624 24136
16536 24240
16904 24200
16624 24000
16436 23752
16688 23992
16680 23704
16624 23736
16375 23736
16160 24000
16183 23232
16183 23704
16120 23224
16375 23704
16136 23704
15688 23736
16120 23192
16176 23192
16120 23192
16168 23192
15896 23224
16120 23192
15688 23192
16120 22216
15688 22208
15656 23192
15640 23192
15656 22216
15640 22168
15640 23192
15640 22224
15640 22168
15128 22200
15640 22184
15128 22168
15168 22200
15128 21300
15128 21224
15640 21080
15128 20968
15176 21704
15191 21704
15128 21160
15128 21208
15128 21216
15128 22216
15128 22168
15128 21088
14359 21216
15128 21088
15128 22168
14231 21096
14359 20404
14352 21096
14160 20176
14230 20183
14231 20183
14120 19960
14144 20584
14120 19976
14104 20720
14231 19960
14104 19960
14231 19672
14344 20182
14104 20584
14104 20183
14104 19688
14104 19944
13624 20960
14104 19944
14104 19960
14104 20176
13175 20182
14104 19928
13360 19928
14104 19160
13175 20168
13360 19192
13111 19672
13175 19192
12888 19672
13096 19216
12888 19160
14104 19160
13000 19160
13000 19160
13000 19192
12856 19176
12872 19160
12343 19160
13104 18167
12520 19160
12872 19176
12660 19160
12663 19160
12856 18448
12343 19160
12343 18568
12148 17672
12342 17688
12343 19200
12343 17696
12088 17960
12215 17952
12088 18072
12136 18391
12136 17944
12151 17944
12088 17696
12215 18167
12088 17656
12112 17944
12104 17688
12088 18160
12088 17912
12088 17384
12088 17268
12088 17207
12088 17912
12088 17128
12088 17207
12088 17048
12088 16680
12088 17672
12088 17704
12088 16904
12088 16920
11096 17056
11156 16904
11158 17128
11144 16936
11158 16920
11152 16904
11223 17032
11144 16552
11220 16680
11159 16616
11096 16168
11096 16936
11159 16936
11112 16536
11128 16688
10552 16688
11096 16247
11096 16680
11096 16372
11096 16247
11096 16616
11096 16180
11096 16672
10576 16244
11096 16536
11096 16600
11096 16536
10583 16372
10583 16375
10580 16246
10488 16120
10488 15680
10568 15688
10568 16368
10552 16552
10552 16120
10552 16120
10583 16552
10580 15656
10327 16120
10103 16120
10552 16120
10103 15656
10582 15640
10100 16168
10327 15640
10552 16120
10072 15688
10103 15168
10103 16120
10324 16120
10103 15128
10103 15168
10088 16120
9976 15184
9848 15176
10096 16120
10088 15184
10100 15176
10008 15128
10103 15128
10103 15640
9976 15144
10088 15128
9976 15144
9976 15160
10088 15128
9848 15160
10103 15640
9848 15128
9976 15128
10008 14352
10072 15128
10072 15128
9992 14230
9976 15128
9848 15128
10103 15128
9848 15128
9864 14104
9976 15128
9616 15128
10103 15128
9848 14352
9976 15128
10103 15128
10096 14104
10103 14120
9864 14231
9976 14344
10072 14120
9976 15176
9976 15128
10103 14167
9864 14344
10103 15128
9848 14160
10103 14104
10088 14231
10040 14160
10072 14104
10326 14104
10008 14104
9976 14104
10103 14104
10103 14167
10103 13239
10096 13352
10096 14104
10327 14167
10072 14104
10488 14160
10568 14104
10103 14104
10103 14104
10568 14104
10552 14104
10102 13096
11096 14104
9992 13239
10327 14104
10583 14104
11096 13096
10583 14104
10504 12984
10327 14104
11096 12872
10583 14104
10327 14104
10580 14104
11096 12872
10583 13352
11096 13239
11096 14104
10583 13168
10583 12856
11096 12872
11112 13032
11096 13175
11096 13000
11096 14104
11096 14104
11112 12343
11096 12104
11222 12592
11096 12904
11159 13080
11223 12656
11096 12872
11220 12856
11096 12888
12088 12343
11096 12568
11223 12088
12088 12343
11096 13016
12088 12872
12088 12151
11159 12592
12088 12343
11144 12136
12088 12520
12088 12343
12088 12596
12088 12151
12088 12144
12088 12504
12088 12151
12088 12504
12088 12215
12088 12504
12088 12504
12088 12088
12088 12088
12088 12856
12088 12088
12088 12136
12215 12088
12088 12104
12088 12504
12343 12151
12104 12343
12151 12151
12088 12088
12151 12584
12343 12088
12504 12088
12088 12340
12144 12088
12215 12088
12343 12088
12136 12088
12856 12215
12512 12520
12872 12088
12336 12088
12568 12088
12584 12088
13096 12336
12872 12088
12904 12088
12592 12088
12904 12088
12872 12136
13000 12088
13000 12088
13111 12088
13175 12088
13080 12088
13172 12088
13111 12215
13352 12088
13239 12088
13367 12088
14104 12088
14104 12088
14104 12088
13624 12088
14104 12088
14104 12088
14104 12088
14104 11112
14104 12088
14152 12088
14104 12088
15128 11096
14104 12088
14160 12088
14120 12088
14231 12088
14231 12088
14520 12088
14359 12088
14359 12088
15128 12088
15128 11112
15128 12088
15168 12088
15128 12088
15128 12088
15128 12088
15176 12148
15128 12088
15640 12088
15640 12088
15144 12088
15672 12088
15640 12088
15184 12088
15896 12088
15896 12088
16120 12088
16120 12088
16120 12088
16120 12088
16176 12088
16120 11096
16120 11096
16136 11096
16244 12088
16360 12088
17048 11096
16536 11096
16372 12088
16688 11096
16680 12088
16624 12088
16536 12088
17064 11096
16936 12088
16928 12088
17207 11096
17056 12088
17136 12088
17448 12088
17384 12088
17384 11096
17264 11144
17688 11096
17207 11096
17672 11096
17928 12088
17688 12088
18080 11096
17960 12088
18167 12088
18056 12088
17952 12088
18167 12088
18388 11128
18167 12088
18167 11096
19160 12088
18167 12088
18388 12343
19160 12088
19176 12151
19176 12088
19176 12088
19672 10552
19200 12088
19160 12088
19160 12088
19688 12088
19688 11096
19704 12088
19712 12088
19944 12088
19960 12136
19968 12088
19976 12088
20088 12088
19960 12520
19976 11096
20168 12088
20183 12343
20183 12088
20712 12088
20696 12088
20183 12088
20952 12088
20404 12104
21096 12088
21224 12088
21168 12088
21096 12088
21232 12088
21239 12088
21096 12088
21416 12120
21688 12151
21416 12088
22168 12088
22168 12660
22168 12088
22168 12088
21704 12088
22216 12120
22184 12088
22220 12088
22216 12599
22216 12144
22416 12856
22224 13032
22168 12663
22480 12136
22230 12598
23192 12104
23192 12584
23192 12584
23192 12520
23192 12599
23192 12520
23192 12656
23248 12592
23208 12598
23240 12856
23704 12584
23240 13172
23720 12568
23720 12584
23704 12088
23992 14104
23720 13000
24128 13096
23720 12856
24000 14104
24200 13174
24200 13108
24247 12888
24992 14104
24428 13096
24432 13352
24428 14104
24736 14104
24744 13104
24744 14104
24736 14104
25004 14104
24744 14104
25128 13108
24748 14104
25248 14104
25268 14104
25264 14104
25268 14104
25248 14104
25266 14104
25392 14104
25760 14104
25752 14104
25736 14104
25780 14104
25736 14104
26024 14104
25768 14104
26008 14104
26231 14120
26156 14136
26152 14120
26231 14104
26216 14136
26744 13352
26231 15128
26752 14104
26448 15128
26752 15128
26752 14352
27264 15128
27264 15128
27272 14104
26744 15128
27272 15128
27284 14344
27272 15640
27240 15160
27256 15128
27736 15640
28216 15128
28216 15176
28216 15128
28216 15640
28216 15188
28248 15640
28216 15640
28524 15160
28256 15176
28248 15656
28464 15640
28264 15656
28520 15680
28528 15656
28276 16120
28272 15672
28248 16120
28780 15688
28776 16552
28776 16244
29040 16136
29024 16246
29036 16176
29160 16168
29280 16120
29300 16368
29160 16368
29784 17064
29544 16904
29280 16920
29768 17192
29768 17128
29792 16936
30232 17207
30232 17656
29784 17270
30264 17128
30248 16680
30232 17656
30232 17712
30248 17656
30280 18152
30248 17207
30264 18152
30264 18072
30760 17656
30292 18072
30480 18391
30288 18080
30354 17928
31256 19160
30536 18152
31256 19672
31256 19160
31272 18167
31256 17912
31256 18568
31272 18568
31296 19688
31256 19160
31296 19160
31272 19160
31296 19160
31272 19712
31768 19160
31296 19704
31296 19976
31296 20104
31288 19672
31308 19712
31316 20168
31784 20176
32248 19944
31784 20104
32248 20183
32248 20576
31768 20183
32248 20182
32248 20183
32248 20183
32248 20168
32248 20704
32248 20712
32248 20176
32248 20720
32248 20183
32248 21224
32296 21416
32248 20952
32264 21232
32288 21088
32264 22168
32372 21416
32264 21096
32496 21232
32296 21704
32264 22168
32280 21704
32800 22168
32500 22168
32492 22208
33048 22168
32496 22168
33064 22224
32816 23192
32496 22184
32820 22216
32560 22228
32800 23192
33048 22231
33320 23192
33800 22292
33064 23208
33320 22216
33064 23192
33048 23192
33332 23208
33328 23224
33800 23192
33192 23756
33328 23720
33824 23704
33568 23752
33800 23704
33824 23744
33842 23752
33576 23752
33842 23992
33832 24136
33824 24128
33824 23736
34080 24128
33832 24200
34072 24736
34092 24752
34280 24240
34295 24247
34088 24240
34096 24136
34288 24744
34292 24992
34284 24992
34208 25000
34808 24992
35288 24432
34295 25736
34295 25248
34295 25248
35288 25248
35288 24984
34824 24984
35320 25128
35320 26024
35304 25736
35320 25768
35320 26220
35304 25248
35320 26024
35288 25752
35288 26504
35304 26016
35288 25256
35340 26016
35328 26226
35348 26224
35832 27224
35832 27224
35840 25760
35840 27224
35800 26504
35832 26231
36112 26008
35852 27224
35816 26144
36112 28216
36104 26231
35852 28216
36088 27256
36088 27276
36300 28216
36104 27240
36308 28216
36088 27264
36224 27224
36104 27264
36236 28216
36104 28216
36311 28232
36308 28216
36300 28216
36588 28216
36832 28232
36840 28232
36840 28256
36311 28216
36311 28278
36311 28248
36588 28216
36832 28776
36824 28232
36832 28216
36840 28232
36311 28264
36832 28272
37224 28780
37352 28776
37344 28276
37104 28760
37096 29272
37104 29016
37096 29272
37352 28760
37224 29280
37224 29032
37224 29784
37360 28760
37352 29032
37224 29024
37352 29036
37608 29036
37832 29024
37600 29536
37856 30232
37848 29292
37608 30232
37352 30232
37608 30264
37352 30248
37832 30248
37856 30264
37360 30272
38296 30264
37856 30352
38296 30232
37608 30232
38296 30248
37864 30264
37856 30264
38312 30280
37864 30248
38296 31256
38296 30280
37848 30294
38296 31256
37856 31272
38312 30288
38296 32248
38336 31288
38296 31256
38296 31256
37864 31272
38296 31288
38344 31288
38328 30264
38296 31288
38352 31256
38336 31256
38296 31296
38312 31288
38312 31304
38296 31296
38296 32248
38296 31288
38348 32248
38600 32248
38344 31296
38312 31296
38312 31308
38600 32248
38312 32248
38352 30292
38336 32280
38356 32248
38296 32248
38312 32248
38336 31288
38358 32372
38344 32248
39320 32488
38420 32370
38418 32792
38352 31296
38356 32248
38348 32248
39320 32248
38328 32264
38480 32311
38480 32248
38336 32280
38600 32296
38344 32264
38344 32304
38840 32248
38344 32296
38540 32792
38840 32264
38348 32792
38540 32248
38336 32776
38359 33304
38840 32496
37864 32492
38358 32296
38352 32288
38600 32288
38352 33064
38359 32264
38840 33048
38352 32792
38336 33452
38336 32308
38328 32264
38344 33328
38344 33816
38354 33064
38840 32496
39320 33320
38356 33056
38840 32808
39320 32792
38352 33824
38358 33048
38356 33800
38296 33816
38328 33448
38312 34072
38358 33320
38344 33568
38328 33320
38312 33824
38328 33328
38336 34088
38344 33824
38344 33840
38296 34096
38336 33320
38604 34216
38312 34280
37848 34092
38312 34208
38344 34290
37856 34088
37848 33832
38296 33832
38296 33064
37864 34288
37848 34295
38296 34088
37856 34295
37608 34072
37832 34224
37088 34092
38296 35288
37600 34292
37856 34808
37600 34216
37600 34808
37224 34295
37224 34295
37362 34808
37362 34808
37080 34808
37364 35288
37484 35288
37360 34808
37356 35304
37080 35288
37362 35328
37352 35816
37216 34295
36844 35832
37100 35816
36840 35304
36848 35336
37080 35852
37104 35816
37104 35816
36840 35336
37100 35344
36840 35848
36528 35320
37088 35288
36524 35304
36240 35832
36524 35288
36308 35336
36304 35304
36840 35336
36104 36096
36311 35816
36224 35340
36311 35840
36224 35320
36088 35832
36240 35800
36232 36232
36236 35340
35856 35328
36096 35840
35848 35320
35840 35816
36088 35816
35816 35816
35832 35848
35832 35840
35848 36232
35816 35832
35832 36088
35816 35832
35344 35344
36088 36304
35336 35848
35328 36236
35816 35832
35336 36088
35816 36304
35348 36308
35328 36224
35336 36311
34808 36832
34824 36824
35304 36840
35336 36096
35304 35856
34824 36824
35320 36096
34808 36832
35288 36304
35288 36232
34808 36840
34568 36824
34816 35840
34224 37096
35288 36824
34824 36824
34576 36308
34576 36308
34220 36311
34280 36824
34208 36232
34088 37096
34072 36311
34290 36232
34216 36232
34295 37336
34080 36311
34080 36824
34216 36832
34072 36840
33392 36840
34216 36232
34080 36832
34092 36308
33832 36824
34080 36232
33800 37096
33456 36108
33800 37096
33456 36840
33456 36844
33324 36311
33056 36232
33332 37336
33184 36848
32816 36844
33056 36240
33184 36824
33192 37080
33056 36832
32812 36304
32560 37336
32820 37360
32800 37352
32792 36304
32800 36832
32808 37352
32672 37096
32264 37344
33048 37088
32296 36311
32304 36832
32248 37344
32311 37352
32296 37096
32248 36310
32248 37344
32264 36824
32248 37608
32264 37600
32248 37096
32248 37600
32248 37096
32248 37856
32248 37096
32248 36824
31768 37352
31784 37360
32248 37080
31272 37352
31288 37088
31272 36840
31272 37336
31256 37344
31256 37352
31272 36832
31256 36840
31256 37096
31256 36824
30288 37336
30293 37608
30476 37352
30356 37352
30536 37336
30290 37600
30295 36840
30272 37356
30248 38296
30232 36840
30264 37360
30284 37336
29544 36832
30232 37336
30232 37336
30232 37096
29784 37096
29768 36824
30232 37364
29300 36304
29544 38296
29164 36832
29784 37096
29300 37096
29292 36840
29036 37344
29160 36832
28776 37336
28784 36824
28768 37344
28400 36824
28768 37088
28456 37352
28768 36311
28776 36108
28776 36310
28524 37344
28216 36232
28338 36112
28232 36311
28232 36104
28248 36311
28268 36808
28248 36840
28216 36304
27752 36311
27752 36236
28216 36096
27736 36104
28216 36311
27752 35848
28216 36310
27280 36304
28216 35848
27280 36108
27276 36296
27240 35832
27224 36088
27240 36088
27224 36236
26752 36300
26744 36232
27240 36096
26752 36824
26744 36304
26752 35816
26504 36088
26028 35840
26512 35336
26144 35336
26231 36088
26016 35336
26024 35344
26008 35848
26024 35328
26016 35336
26152 35840
26152 35328
26008 35328
25736 35328
25271 35344
25268 35304
25512 35344
25512 35848
25256 35304
25132 35288
25736 35288
25760 35320
25260 35288
24752 35320
25512 34096
24744 34088
24496 34092
24240 34808
24984 35288
24496 34295
24728 35288
24492 35288
24311 35304
24728 34808
24240 34288
24242 34295
24756 35304
24200 35288
24240 34808
24140 34220
24204 34216
23976 34284
24128 34216
24008 34072
24008 34216
24140 34295
24008 34080
23704 34208
23736 33824
23976 33332
23756 34216
23744 33332
23744 33824
23248 33392
23248 33332
23254 33824
23240 34080
23192 33816
23240 34088
23208 33334
23240 33568
23208 33184
23192 33824
23192 33840
23192 33332
22592 33320
23192 33064
22480 32800
23192 32808
23192 32792
22288 33576
22292 32800
22231 33304
22200 33048
22208 32792
22168 32308
22228 32496
22168 32792
22216 32800
22168 32552
22168 32304
22168 33192
22168 32280
22168 32288
22168 32800
21720 32304
21720 32792
21424 32280
22168 32248
21704 32304
21088 32280
21480 32311
21416 32248
21096 32248
21228 32248
21232 32248
21096 32248
21224 31304
21080 32248
21088 31256
20976 32248
20960 31296
20704 31304
20588 31304
20960 30292
20716 31288
20584 31308
20968 31272
20464 32248
20704 31256
20404 31256
20183 31256
20712 31272
20183 30248
20648 31256
20168 30272
20400 31272
20183 30232
20088 31256
20183 30248
20176 29296
19928 30232
19968 30288
19944 28776
20096 30248
20108 29296
19688 29300
19944 29280
19704 30232
19960 29280
19976 30232
19720 29024
19944 28278
19216 28744
19672 29024
19672 29024
19208 29024
19944 29024
19223 28278
19280 28232
19960 28780
19223 28248
19200 28248
19160 28760
19208 28216
19200 28338
19672 28248
19160 28776
19160 28256
19208 28256
19160 27256
19160 28232
19160 27256
18568 27240
18632 28216
18452 28216
19160 28216
18568 27224
19160 28216
18167 27264
18391 27272
18391 27224
18632 27256
18167 26744
18160 26028
18167 27240
18167 26231
18156 27256
18152 27224
18167 26744
18167 26160
18072 26226
18164 26024
17928 26144
17960 26224
17656 25772
17712 26024
17656 25736
17688 26008
17944 25768
17672 25264
17672 25392
17392 26016
17200 25752
17128 25760
17207 25760
17270 25000
17064 25388
17207 24984
17136 24984
17656 24008
16936 25000
17128 25264
17064 23992
17128 25000
16928 24310
16695 24432
16904 24744
16888 24240
17140 23736
16904 24128
16695 24488
16695 23720
16552 23992
16616 24008
16616 23240
16368 24247
16375 23752
16375 23720
16374 23704
16624 23224
16552 24000
16176 23208
16544 23704
16183 23720
16247 23720
16120 23192
16120 23232
16120 23192
16120 23240
16176 23192
16120 23192
15672 23192
15640 23192
15656 22224
16120 23192
16120 22184
15188 22412
15640 22216
15640 23192
15640 22231
15184 22408
15144 22208
15144 22292
15640 22168
15184 23192
15144 22168
15168 22184
15184 22220
15128 21224
15640 22184
15176 20952
15128 21688
15128 22168
15144 21224
15128 21224
15128 21224
15144 21238
15128 22168
14344 21088
15128 20960
14520 20952
15128 20464
15128 20182
14356 21224
14166 20968
14167 20183
14152 20183
14152 20960
14231 20720
14152 20176
14167 20712
14136 20104
14228 20183
14104 20183
14104 19968