27256 28216

26760 28216

26508 25768

26224 27256

27224 26228

26224 27224

26231 28216

27224 28216

26008 27256

29288 27256

27224 25772

27736 28216

27752 28216

26752 28216

26220 26028

28216 26224

28216 28216

27280 27224

28216 27272

27256 27224

28216 28216

27272 28400

26752 26231

28216 27256

27240 26231

26231 27224

26752 26231

27280 26152

28256 28216

27240 27224

26231 28216

28232 26144

28340 27280

26752 26744

26144 28216

29280 26231

28248 26016

28768 28216

28232 26008

27272 27224

18072 11112

17688 11096

19160 12088

18560 12104

18167 11096

19208 12088

18166 12088

18632 11096

18384 12088

18632 12088

19160 12088

18632 12088

18696 12088

19160 12088

19208 12088

19200 12872

19160 12151

19160 12088

19176 12088

19672 12151

19200 12104

19160 12584

19704 12120

19672 12340

19672 12340

19720 12088

19672 12504

19928 12144

19944 12088

19672 12584

19944 12088

19672 12088

20096 13108

20160 12148

20104 13239

19728 12336

19672 12660

19944 13175

20178 12663

19968 12088

20176 13108

20168 12336

20088 13080

20183 12872

19960 12656

20648 13096

20400 13175

20104 12872

20648 14104

20176 14120

20704 13236

20183 13104

21224 14120

21228 15128

20704 14104

21160 14104

21160 14104

20968 15128

21224 14160

21088 14104

21096 14104

21238 13172

21232 14120

21416 15128

20936 12872

21480 15128

21164 14164

20716 14104

21168 14120

21160 15176

21688 14104

21416 14104

22231 14104

22168 15128

22168 15128

22208 15176

22416 14228

22228 15128

22224 15128

22168 15128

22224 15128

22480 15128

22592 15128

23192 16120

22480 15640

22216 15640

22208 16120

23192 16120

23192 15656

23192 16120

23192 15184

23224 15640

22416 15128

22230 15128

23240 16120

23192 16600

23208 14352

23224 16552

23224 15688

23208 16368

23736 16374

23736 15672

23720 16120

23252 16136

23752 16120

23248 15656

24128 16120

24136 16120

23752 16168

24200 16544

24200 16368

24736 15672

24144 15640

23736 16624

25120 16180

23760 17064

24240 17128

23976 16688

23992 17048

25332 16180

23736 16176

24496 16168

24728 17268

24496 16616

24128 17200

25256 17688

25192 17672

24744 16688

24752 17128

25128 17048

24984 17688

25256 17048

25248 16536

25008 18088

24984 17912

25256 16680

25264 18088

25768 16692

25266 18088

25256 17672

25752 17268

25768 17928

25268 19160

25736 17270

25772 17064

25776 17944

26144 18568

25752 18167

25736 18560

26216 19160

26220 19160

26230 19160

26744 18088

26231 18088

26016 19160

26231 17712

26760 19688

26752 19160

26231 19208

27224 19672

26224 18164

27224 20176

27272 19176

26752 19192

28216 19960

27264 19960

27224 19672

28216 20183

27272 20183

27256 19968

27736 19720

27264 19192

28216 19192

28216 20712

27264 19976

28216 19968

28216 20952

28216 19960

28216 20712

28216 20712

28216 20712

28216 20712

28279 20712

28216 21224

28216 20183

28776 20704

28760 22168

28776 20712

28340 20952

29160 22168

28464 21208

28760 21224

28780 21688

29040 21300

29024 22168

28768 20952

29016 22168

29152 21096

29032 22168

29288 22208

29292 22168

29032 22168

29420 23192

29360 22230

29768 23224

29420 22184

29288 23192

29536 23192

29784 23192

28784 23192

29544 22231

29784 23192

29292 23756

30232 23224

29292 22168

30272 22168

29768 23208

30272 23224

30232 23752

30232 23720

30232 23192

30232 23224

30248 23240

31256 23992

31256 23240

30248 24008

30476 24208

30232 23704

30284 23736

30288 24424

30288 23992

30288 24136

30232 23992

30416 24000

31256 25240

31256 24140

30272 24128

30760 24984

31256 24200

31272 24000

31256 24008

30476 24744

31304 24736

30294 25256

31256 24308

31272 24247

31256 25752

31272 24744

31256 25328

31256 25752

31304 25248

31288 24488

31304 25256

31256 24728

31288 24748

31296 24308

31784 24748

32248 24728

31304 24728

32248 25752

31296 25736

32248 25388

31256 26156

32248 25752

32248 26152

31308 26744

32248 25752

31314 26231

32248 26224

32248 25776

31304 25752

32280 26220

32288 25248

32264 26220

32264 26231

32248 26504

32248 26224

32311 27240

32304 26230

32264 27224

32496 26231

32248 26504

32492 26744

32264 27240

32248 25736

33056 26744

32304 27224

32496 27224

32280 28232

32296 26744

33056 26156

32311 27240

32552 28216

33056 29032

33064 28216

33320 27224

33048 27280

33056 27256

33064 27256

33196 27272

33064 28216

33324 26008

33332 28232

33456 28216

33184 28216

33328 28216

33320 28256

33452 28264

33196 28340

33332 26231

33842 28216

33048 28216

33832 28248

33184 28216

33800 28216

33456 28216

33328 28232

33816 28232

34088 28248

33840 28268

34092 27224

34088 28216

33824 29280

33816 28776

34288 28279

33816 28216

34224 28248

34096 28216

34808 29272

34220 28768

34280 30232

34088 28768

35288 29298

34280 28776

34576 28276

34288 28776

34816 28744

35304 29032

34295 28760

35304 30232

35288 29288

34824 29280

34808 29784

35328 28780

35320 28232

34295 30280

35288 29024

34816 29288

35288 29280

34808 30280

34808 29784

35816 29280

35328 29016

35346 29280

34816 29032

35800 30232

35336 31256

35320 30248

35304 31256

35832 30232

35328 29296

35848 30232

36112 30232

35816 30232

35816 30232

36232 30232

35832 30284

36824 31256

35832 29272

35832 29544

36112 30248

36096 31256

35840 31256

36304 31256

36824 31288

36296 31272

36308 30264

36096 31272

36224 31304

35840 32248

36224 32248

35848 30292

36232 31256

35832 30288

36240 31256

37096 31272

36824 31296

36232 31288

36108 32248

36832 32248

36832 31256

37088 31296

37088 32248

36840 32248

36840 31304

37224 32248

36832 31296

37224 32248

36588 32248

37344 32248

36588 32248

36584 33056

37080 31304

37344 32248

36848 32248

37344 31304

36808 33048

37104 32248

37344 32248

37080 32296

37216 32248

37608 33312

37096 32264

37096 32296

36824 32248

37600 32248

37352 32488

37096 32248

37224 32800

37362 32248

37224 32496

37356 33320

37484 32248

37600 32280

38296 33184

37100 32812

37608 32248

37344 33576

38328 32296

38296 33800

38296 32808

37344 32311

38336 33824

38296 33320

37484 32800

37848 34292

37344 33816

37848 34224

38336 34072

37608 33328

38312 32372

38296 34088

38296 34288

38336 34216

38336 33816

38296 34088

37608 34216

38296 34216

38296 33832

37856 34295

38296 33816

38480 34292

38312 35288

38336 33816

38352 35288

38312 35304

39320 33816

38352 35800

39320 33824

37608 34280

38359 34220

37856 35832

38312 35320

38336 35320

37224 34088

38312 34808

38312 36108

38348 35320

38352 36096

38312 35328

38352 35320

38312 35832

38296 34295

38312 35848

38296 35840

38336 35832

38344 35336

38296 35816

38312 35304

39320 35328

38356 35344

38296 35304

38296 35336

38296 35816

37364 35816

37856 35848

38312 35848

37864 35816

38296 36311

38336 36096

37600 35344

38344 36840

38348 35320

37856 35336

37224 35336

38344 36088

37848 35832

37856 36232

38312 36824

38312 35816

37360 36304

37856 36311

38296 35336

37848 35816

37856 36304

37848 36832

37848 36832

37362 36304

37848 37344

38296 36104

38336 36096

37344 36232

37856 36311

37848 38312

38312 37336

37104 36306

37848 37096

37608 37848

37424 36840

38296 37096

38296 38296

37364 37600

36840 36832

37224 36824

37360 37344

37088 36840

37352 37344

36808 38296

37848 36311

36824 37608

36588 38296

36832 37336

36584 37848

37096 38296

37088 37344

36832 38824

36824 37360

36236 37608

36300 37600

36311 37600

36848 38344

36524 38312

36236 38296

36848 38336

36584 37356

36311 38328

36088 37360

36096 38344

36104 38296

35840 38312

35304 38296

36088 37360

35340 38344

35328 37848

35832 38352

36232 39320

35832 38312

35320 38296

35800 38328

35288 38296

35328 39320

35346 39360

35340 38328

35800 39336

35304 38328

35304 38328

35304 39320

35288 39352

35288 38312

34816 38336

35288 38296

35288 39352

34808 39360

35288 39320

34816 38356

35320 39336

35288 38296

34295 38312

34216 38824

34295 37848

34092 39336

34072 38356

34216 38352

34208 36306

34295 39320

34224 37080

34072 39336

34224 39320

34088 38352

33800 38296

33832 38344

34072 39320

34224 39320

33840 38296

33816 39320

33832 38352

32816 38312

33320 39360

33192 38356

32488 38336

32816 39376

33064 37352

33332 37848

33320 38296

32560 37360

33192 38296

33068 37600

32311 38352

33056 37848

32820 38328

33048 37848

32808 38312

32264 37600

32496 37856

32248 38296

32248 37352

31784 37344

32264 38336

32264 37608

32248 37360

32556 38352

32248 37356

32311 38312

32296 39320

32248 37848

32304 38312

31784 37336

32248 38312

32248 36840

32264 38312

31312 36840

32248 37344

31784 37848

32248 37336

32248 38312

31784 37336

31288 38312

32248 36311

31288 37848

31308 36824

31304 36311

31308 37096

31312 36824

32248 37352

31256 37080

32248 37848

31288 36840

31272 36844

31272 37096

31256 36824

30280 37088

30536 36311

31256 36311

30280 36824

31256 37364

31308 36824

31288 36300

31256 36240

31256 37352

30288 37088

30248 35320

30280 35816

30354 36824

30272 36308

30288 35848

30272 35840

30272 36232

30284 36232

31256 36296

31256 36112

30288 35336

30264 36304

30272 36236

29296 36311

30232 35840

30232 35832

30272 36824

30476 35848

30280 37088

29792 35832

30232 36232

30248 34808

29032 36296

29152 35320

29032 36304

29292 35320

29160 35304

29784 36104

29424 36104

29544 35840

28768 35852

29536 35304

29016 36096

28768 35328

28776 36108

29032 35288

28400 34808

28776 35832

28768 34295

28340 35320

28264 36096

28279 34808

28784 35288

29024 35840

29016 35832

28232 35336

28780 35288

28272 34295

28232 35336

28276 35288

28256 35304

28278 35320

28248 34088

28232 34284

28216 35288

28216 34216

27284 33324

27280 34080

27272 34808

27736 35320

28216 34280

27280 33448

27284 34290

26744 34295

28216 34220

27264 35288

26760 34808

27264 34294

26760 34080

27240 34808

26752 33816

26744 34295

26760 33840

26752 33576

27264 34295

26752 34295

26752 34216

26152 34208

26744 34295

26160 35320

26231 33576

26448 35288

26231 34088

26024 33576

26448 33320

25264 33320

25772 34088

25512 34088

25752 33332

26744 33312

26032 34088

25776 32800

25760 33064

25768 32800

25760 33320

25736 33056

24992 32792

25270 33816

25128 32800

25000 32248

24992 32304

24616 32264

25248 32280

25248 32372

25120 33064

24984 32808

25128 32264

25000 32280

25000 32374

24492 32280

24992 32296

24496 32248

24984 32280

24752 32304

24244 32808

24140 32264

24496 32264

24144 32800

24240 32248

24244 32280

24736 32248

24128 32248

24247 32248

24496 31256

23736 32248

24000 31256

24136 31296

24240 31256

23744 31296

23720 31296

23192 32248

23752 31272

23192 32248

23736 31288

23248 31256

23248 31304

23232 31288

23240 32248

23244 30264

23248 32248

23192 30288

23208 31272

23704 31256

23192 31256

23192 32248

23192 30232

23192 32248

23192 29024

23192 29298

22226 31256

23192 31256

22408 30232

23192 30232

23192 30232

22230 31256

22231 29280

22216 31256

22416 29024

23192 30295

22168 30232

22422 29024

22184 29296

22200 29300

22231 29298

21080 29544

22168 30264

21704 29288

22168 29288

22168 30232

22168 29280

22168 28780

22168 29280

21232 29024

21360 28760

21480 29272

21688 29536

21360 29784

22168 29280

22168 29288

21237 29032

22168 29016

22168 28456

21088 28768

21239 29272

20648 28768

22168 28278

21360 28268

20716 29024

21416 28274

20952 28340

21296 28760

21424 26224

21238 28760

21100 28216

21688 28268

21160 28216

21168 28216

20588 28216

21160 27264

20968 27224

20407 28216

20968 28256

21224 27276

20952 28248

21088 28216

20712 27280

21224 27224

19944 26728

20183 28232

20952 27224

20400 27272

20936 28216

20972 26016

20704 27224

20936 27224

20720 27224

20183 27224

20168 27224

20704 26231

20088 28216

20584 26231

20183 26231

20176 25752

19960 26008

20406 26228

19976 26152

20168 26231

19960 27224

19944 25752

19976 27224

19688 25120

19704 25752

20168 25768

20183 26220

20088 26024

19688 25256

19688 25256

19944 25768

19976 26744

19720 25736

19176 24744

19712 25256

19672 25760

19728 25760

19176 25128

18568 24208

19672 25392

19160 25240

18568 24736

19160 25120

19192 24240

19216 25004

19160 25256

19160 25248

19160 24744

19160 24744

18167 24752

18568 24728

17952 24244

19176 23720

18568 24200

18696 23192

18391 23720

18080 24736

19160 24200

18696 23240

19216 24736

18088 23232

17672 24244

17960 23744

18167 24008

18160 23232

17944 24136

17952 23208

17448 23208

17656 23224

17928 23208

17142 23248

17688 23192

17140 23704

18160 23232

17688 23192

18167 22216

17672 23208

17140 23192

17688 23192

17944 22168

17688 22200

17944 23192

17672 21704

17128 22168

16688 22184

17268 22200

16920 22200

17656 22408

17056 23192

17204 22216

17136 23192

16247 22168

17656 22208

16688 22184

17048 20720

17128 22168

16180 22168

17048 21224

16375 21239

16616 21239

16616 21224

16616 21216

16120 20696

16552 20704

16136 21704

16928 21232

16536 20720

16375 20576

16368 21704

16180 20936

16120 22168

16552 20952

15688 20576

16120 20088

15672 22168

16136 20088

16120 21704

16136 20104

15184 20696

15640 20584

15656 20183

15640 20182

15672 21096

15128 19216

15128 21088

15640 20183

15640 20696

15640 21096

15640 18152

15128 19944

15168 19688

15160 19672

15128 19712

15128 20584

15128 18448

15128 19968

15128 19672

15160 19976

15128 19960

15128 20464

14356 20168

15128 19160

14167 19160

15128 19160

15128 19176

14520 19200

14167 19208

14520 19928

14104 19160

14164 19160

14167 19672

14120 19672

14104 19160

13367 19160

14536 19720

13096 18152

13352 19688

14359 18164

13367 19160

14167 18632

14104 19160

14104 17672

14104 18152

13352 17656

14104 17704

14104 19160

14104 18167

13111 18568

14104 18167

13624 18167

13624 17672

14104 17656

13364 17928

13032 19160

13366 17128

13624 18167

13239 18164

13096 17688

13080 17928

13352 17048

13104 18167

13175 17271

13111 16936

12656 17704

14104 17064

13175 17064

12663 17656

12568 17200

13110 16904

12104 18152

12340 17032

12584 17192

12592 16904

13172 17048

12596 16152

12663 16694

12336 17200

12584 16120

12343 16692

12520 16152

12215 16247

12088 16920

12584 16152

13000 16182

12343 16375

12872 15656

12872 16374

12088 16247

12663 16616

12088 16120

12343 15656

12136 17128

12214 16120

12088 16120

12120 15640

12088 15656

12088 16120

12088 15688

12104 16136

12104 15680

12088 16180

12215 16120

12088 16120

12144 16136

12088 16368

12088 16552

11223 15128

12088 16120

12104 15640

12088 16120

12088 16120

12088 15640

12088 16120

11096 15640

11112 15656

12088 16120

12088 15672

12088 15640

12088 15128

12088 15640

12088 15640

12088 15640

11222 14167

12088 15640

12088 15672

